688012
688111
688063
688223
688599
688297
688387
688787
688041
688039
688390
688256
688327
688525
688032
688522
688588
688385
688120
688348
688981
688008
688521
688561
688169
688037
688408
688072
688076
688202
688425
688303
688229
688002
688270
688095
688515
688396
688248
688038
688082
688185
688200
688117
688556
688682
688262
688033
688227
688023
688363
688486
688052
688777
688235
688006
688047
688680
688158
688409
688375
688031
688159
688048
688418
688152
688579
688017
688234
688180
688516
688122
688005
688677
688167
688663
688596
688536
688220
688051
688123
688019
688139
688292
688311
688091
688339
688128
688349
688372
688368
688313
688271
688711
688258
688586
688009
688036
688066
688298
688186
688239
688639
688676
688333
688359
688772
688517
688099
688007
688065
688389
688378
688559
688590
688049
688283
688228
688569
688116
688086
688560
688121
688027
688161
688555
688187
688172
688568
688598
688029
688018
688276
688126
688100
688419
688609
688373
688696
688208
688700
688020
688318
688261
688316
688403
688232
688085
688388
688707
688083
688800
688768
688617
688088
688107
688207
688468
689009
688189
688268
688323
688357
688182
688365
688188
688287
688016
688619
688131
688613
688277
688212
688119
688690
688114
688106
688608
688607
688498
688244
688206
688110
688776
688728
688565
688147
688253
688392
688518
688289
688439
688416
688435
688589
688509
688246
688050
688166
688222
688230
688022
688216
688567
688362
688305
688503
688630
688326
688699
688779
688566
688381
688132
688400
688686
688432
688307
688789
688739
688383
688205
688252
688475
688798
688302
688025
688496
688659
688601
688410
688030
688259
688179
688133
688321
688320
688068
688508
688526
688520
688103
688073
688332
688105
688170
688533
688371
688141
688071
688366
688078
688310
688266
688322
688578
688118
688058
688685
688221
688247
688628
688356
688278
688308
688428
688766
688035
688778
688176
688267
688351
688226
688218
688168
688489
688077
688538
688698
688317
688595
688391
688575
688201
688401
688788
688499
688225
688080
688160
688135
688697
688660
688398
688273
688350
688426
688282
688669
688722
688681
688155
688338
688511
688125
688345
688667
688500
688233
688369
688301
688678
688380
688655
688004
688236
688658
688621
688275
688622
688061
688190
688075
688281
688295
688255
688286
688293
688196
688459
688138
688315
688819
688157
688626
688319
688045
688687
688237
688506
688057
688089
688148
688279
688269
688217
688081
688079
688003
688299
688733
688153
688618
688231
688331
688087
688162
688550
688786
688056
688056
688377
688501
688062
688143
688288
688195
688183
688767
688193
688633
688209
688670
688399
688150
688300
688112
688668
688337
688386
688015
688197
688210
688151
688053
688213
688558
688257
688192
688102
688358
688329
688127
688084
688420
688393
688097
688636
688092
688799
688376
688505
688010
688382
688485
688793
688456
688198
688272
688379
688328
688199
688001
688661
688529
688306
688046
688026
688238
688353
688070
688611
688553
688597
688737
688173
688108
688488
688683
688137
688367
688448
688689
688510
688336
688055
688059
688551
688285
688021
688571
688580
688519
688171
688177
688101
688115
688028
688616
688312
688325
688577
688090
688181
688130
688330
688355
688011
688280
688718
688060
688093
688098
688251
688466
688165
688136
688203
688360
688013
688109
688260
688191
688606
688175
688395
688314
688290
688557
688480
688296
688513
688665
688211
688291
688370
688662
688067
688219
688335
688600
688455
688656
688113
688215
688585
688129
688184
688096
688163
688069
688178
688265
688679
688625
688528
688701
688309
